Grading at Tue Sep  8 17:47:36 UTC 2020
Attempting to compile retirement.c
Checking for struct _retire_info
Found on line 4, column 2 
Checking for field int months
Found on line 6, column 4 
Checking for field double contribution
Found on line 7, column 4 
Checking for field double rate_of_return
Found on line 8, column 4 
Checking for typedef of struct _retire_info to retire_info
Found on line 10, column 1 
Checking for void retirement (int startAge, double initial,  retire_info working,  retire_info retired)
Found on line 16, column 1 
Checking for int main(void)
Found on line 32, column 1 
Trying to run retirement calculator..
Your file matched the expected output
Removing your main() and replacing it with our own to run more tests...
                |         Working              |        Retired         
 Age | Initial  | Saving  |   Rate    | Months | Spending |   Rate    | Months | Result
 240 |     0.00 | 1234.00 | 0.0026700 |   597  | -3567.00 | 0.0003000 |   227  | Correct
 240 |     0.00 | 1234.00 | 0.0026700 |   597  | -3567.00 | 0.0003000 |   377  | Correct
 240 |     0.00 | 1234.00 | 0.0026700 |   597  | -3567.00 | 0.0045100 |   224  | Correct
 240 |     0.00 | 1234.00 | 0.0026700 |   597  | -3567.00 | 0.0045100 |   386  | Correct
 240 |     0.00 | 1234.00 | 0.0026700 |   597  | -6534.00 | 0.0001900 |   208  | Correct
 240 |     0.00 | 1234.00 | 0.0026700 |   597  | -6534.00 | 0.0001900 |   377  | Correct
 240 |     0.00 | 1234.00 | 0.0026700 |   597  | -6534.00 | 0.0042500 |   225  | Correct
 240 |     0.00 | 1234.00 | 0.0026700 |   597  | -6534.00 | 0.0042500 |   399  | Correct
 240 |     0.00 | 1234.00 | 0.0026700 |   593  | -3567.00 | 0.0007400 |   226  | Correct
 240 |     0.00 | 1234.00 | 0.0026700 |   593  | -3567.00 | 0.0007400 |   403  | Correct
 240 |     0.00 | 1234.00 | 0.0026700 |   593  | -3567.00 | 0.0041200 |   229  | Correct
 240 |     0.00 | 1234.00 | 0.0026700 |   593  | -3567.00 | 0.0041200 |   407  | Correct
 240 |     0.00 | 1234.00 | 0.0026700 |   593  | -6534.00 | 0.0002200 |   225  | Correct
 240 |     0.00 | 1234.00 | 0.0026700 |   593  | -6534.00 | 0.0002200 |   398  | Correct
 240 |     0.00 | 1234.00 | 0.0026700 |   593  | -6534.00 | 0.0049200 |   229  | Correct
 240 |     0.00 | 1234.00 | 0.0026700 |   593  | -6534.00 | 0.0049200 |   400  | Correct
 240 |     0.00 | 1234.00 | 0.0056700 |   597  | -3567.00 | 0.0004700 |   219  | Correct
 240 |     0.00 | 1234.00 | 0.0056700 |   597  | -3567.00 | 0.0004700 |   375  | Correct
 240 |     0.00 | 1234.00 | 0.0056700 |   597  | -3567.00 | 0.0048300 |   232  | Correct
 240 |     0.00 | 1234.00 | 0.0056700 |   597  | -3567.00 | 0.0048300 |   388  | Correct
 240 |     0.00 | 1234.00 | 0.0056700 |   597  | -6534.00 | 0.0002900 |   229  | Correct
 240 |     0.00 | 1234.00 | 0.0056700 |   597  | -6534.00 | 0.0002900 |   389  | Correct
 240 |     0.00 | 1234.00 | 0.0056700 |   597  | -6534.00 | 0.0042400 |   214  | Correct
 240 |     0.00 | 1234.00 | 0.0056700 |   597  | -6534.00 | 0.0042400 |   384  | Correct
 240 |     0.00 | 1234.00 | 0.0056700 |   595  | -3567.00 | 0.0000700 |   228  | Correct
 240 |     0.00 | 1234.00 | 0.0056700 |   595  | -3567.00 | 0.0000700 |   394  | Correct
 240 |     0.00 | 1234.00 | 0.0056700 |   595  | -3567.00 | 0.0043500 |   208  | Correct
 240 |     0.00 | 1234.00 | 0.0056700 |   595  | -3567.00 | 0.0043500 |   406  | Correct
 240 |     0.00 | 1234.00 | 0.0056700 |   595  | -6534.00 | 0.0006300 |   229  | Correct
 240 |     0.00 | 1234.00 | 0.0056700 |   595  | -6534.00 | 0.0006300 |   385  | Correct
 240 |     0.00 | 1234.00 | 0.0056700 |   595  | -6534.00 | 0.0047700 |   230  | Correct
 240 |     0.00 | 1234.00 | 0.0056700 |   595  | -6534.00 | 0.0047700 |   409  | Correct
 240 |     0.00 | 3190.00 | 0.0026700 |   597  | -3567.00 | 0.0002000 |   224  | Correct
 240 |     0.00 | 3190.00 | 0.0026700 |   597  | -3567.00 | 0.0002000 |   370  | Correct
 240 |     0.00 | 3190.00 | 0.0026700 |   597  | -3567.00 | 0.0048700 |   204  | Correct
 240 |     0.00 | 3190.00 | 0.0026700 |   597  | -3567.00 | 0.0048700 |   395  | Correct
 240 |     0.00 | 3190.00 | 0.0026700 |   597  | -6534.00 | 0.0001600 |   220  | Correct
 240 |     0.00 | 3190.00 | 0.0026700 |   597  | -6534.00 | 0.0001600 |   401  | Correct
 240 |     0.00 | 3190.00 | 0.0026700 |   597  | -6534.00 | 0.0044600 |   217  | Correct
 240 |     0.00 | 3190.00 | 0.0026700 |   597  | -6534.00 | 0.0044600 |   396  | Correct
 240 |     0.00 | 3190.00 | 0.0026700 |   591  | -3567.00 | 0.0004300 |   232  | Correct
 240 |     0.00 | 3190.00 | 0.0026700 |   591  | -3567.00 | 0.0004300 |   376  | Correct
 240 |     0.00 | 3190.00 | 0.0026700 |   591  | -3567.00 | 0.0045000 |   212  | Correct
 240 |     0.00 | 3190.00 | 0.0026700 |   591  | -3567.00 | 0.0045000 |   399  | Correct
 240 |     0.00 | 3190.00 | 0.0026700 |   591  | -6534.00 | 0.0007200 |   224  | Correct
 240 |     0.00 | 3190.00 | 0.0026700 |   591  | -6534.00 | 0.0007200 |   405  | Correct
 240 |     0.00 | 3190.00 | 0.0026700 |   591  | -6534.00 | 0.0046900 |   228  | Correct
 240 |     0.00 | 3190.00 | 0.0026700 |   591  | -6534.00 | 0.0046900 |   399  | Correct
 240 |     0.00 | 3190.00 | 0.0056700 |   597  | -3567.00 | 0.0008600 |   207  | Correct
 240 |     0.00 | 3190.00 | 0.0056700 |   597  | -3567.00 | 0.0008600 |   379  | Correct
 240 |     0.00 | 3190.00 | 0.0056700 |   597  | -3567.00 | 0.0048900 |   222  | Correct
 240 |     0.00 | 3190.00 | 0.0056700 |   597  | -3567.00 | 0.0048900 |   391  | Correct
 240 |     0.00 | 3190.00 | 0.0056700 |   597  | -6534.00 | 0.0008800 |   206  | Correct
 240 |     0.00 | 3190.00 | 0.0056700 |   597  | -6534.00 | 0.0008800 |   394  | Correct
 240 |     0.00 | 3190.00 | 0.0056700 |   597  | -6534.00 | 0.0043900 |   207  | Correct
 240 |     0.00 | 3190.00 | 0.0056700 |   597  | -6534.00 | 0.0043900 |   388  | Correct
 240 |     0.00 | 3190.00 | 0.0056700 |   602  | -3567.00 | 0.0001200 |   230  | Correct
 240 |     0.00 | 3190.00 | 0.0056700 |   602  | -3567.00 | 0.0001200 |   376  | Correct
 240 |     0.00 | 3190.00 | 0.0056700 |   602  | -3567.00 | 0.0040800 |   233  | Correct
 240 |     0.00 | 3190.00 | 0.0056700 |   602  | -3567.00 | 0.0040800 |   403  | Correct
 240 |     0.00 | 3190.00 | 0.0056700 |   602  | -6534.00 | 0.0006200 |   220  | Correct
 240 |     0.00 | 3190.00 | 0.0056700 |   602  | -6534.00 | 0.0006200 |   403  | Correct
 240 |     0.00 | 3190.00 | 0.0056700 |   602  | -6534.00 | 0.0046600 |   229  | Correct
 240 |     0.00 | 3190.00 | 0.0056700 |   602  | -6534.00 | 0.0046600 |   374  | Correct
 240 | 12568.80 | 1234.00 | 0.0026700 |   597  | -3567.00 | 0.0002400 |   206  | Correct
 240 | 12568.80 | 1234.00 | 0.0026700 |   597  | -3567.00 | 0.0002400 |   408  | Correct
 240 | 12568.80 | 1234.00 | 0.0026700 |   597  | -3567.00 | 0.0046400 |   205  | Correct
 240 | 12568.80 | 1234.00 | 0.0026700 |   597  | -3567.00 | 0.0046400 |   403  | Correct
 240 | 12568.80 | 1234.00 | 0.0026700 |   597  | -6534.00 | 0.0008700 |   224  | Correct
 240 | 12568.80 | 1234.00 | 0.0026700 |   597  | -6534.00 | 0.0008700 |   408  | Correct
 240 | 12568.80 | 1234.00 | 0.0026700 |   597  | -6534.00 | 0.0045000 |   220  | Correct
 240 | 12568.80 | 1234.00 | 0.0026700 |   597  | -6534.00 | 0.0045000 |   385  | Correct
 240 | 12568.80 | 1234.00 | 0.0026700 |   611  | -3567.00 | 0.0008500 |   208  | Correct
 240 | 12568.80 | 1234.00 | 0.0026700 |   611  | -3567.00 | 0.0008500 |   397  | Correct
 240 | 12568.80 | 1234.00 | 0.0026700 |   611  | -3567.00 | 0.0041600 |   225  | Correct
 240 | 12568.80 | 1234.00 | 0.0026700 |   611  | -3567.00 | 0.0041600 |   384  | Correct
 240 | 12568.80 | 1234.00 | 0.0026700 |   611  | -6534.00 | 0.0002900 |   223  | Correct
 240 | 12568.80 | 1234.00 | 0.0026700 |   611  | -6534.00 | 0.0002900 |   374  | Correct
 240 | 12568.80 | 1234.00 | 0.0026700 |   611  | -6534.00 | 0.0049700 |   229  | Correct
 240 | 12568.80 | 1234.00 | 0.0026700 |   611  | -6534.00 | 0.0049700 |   409  | Correct
 240 | 12568.80 | 1234.00 | 0.0056700 |   597  | -3567.00 | 0.0001300 |   215  | Correct
 240 | 12568.80 | 1234.00 | 0.0056700 |   597  | -3567.00 | 0.0001300 |   409  | Correct
 240 | 12568.80 | 1234.00 | 0.0056700 |   597  | -3567.00 | 0.0048700 |   215  | Correct
 240 | 12568.80 | 1234.00 | 0.0056700 |   597  | -3567.00 | 0.0048700 |   404  | Correct
 240 | 12568.80 | 1234.00 | 0.0056700 |   597  | -6534.00 | 0.0007800 |   215  | Correct
 240 | 12568.80 | 1234.00 | 0.0056700 |   597  | -6534.00 | 0.0007800 |   386  | Correct
 240 | 12568.80 | 1234.00 | 0.0056700 |   597  | -6534.00 | 0.0045000 |   223  | Correct
 240 | 12568.80 | 1234.00 | 0.0056700 |   597  | -6534.00 | 0.0045000 |   385  | Correct
 240 | 12568.80 | 1234.00 | 0.0056700 |   589  | -3567.00 | 0.0004400 |   219  | Correct
 240 | 12568.80 | 1234.00 | 0.0056700 |   589  | -3567.00 | 0.0004400 |   373  | Correct
 240 | 12568.80 | 1234.00 | 0.0056700 |   589  | -3567.00 | 0.0043200 |   227  | Correct
 240 | 12568.80 | 1234.00 | 0.0056700 |   589  | -3567.00 | 0.0043200 |   379  | Correct
 240 | 12568.80 | 1234.00 | 0.0056700 |   589  | -6534.00 | 0.0005100 |   209  | Correct
 240 | 12568.80 | 1234.00 | 0.0056700 |   589  | -6534.00 | 0.0005100 |   386  | Correct
 240 | 12568.80 | 1234.00 | 0.0056700 |   589  | -6534.00 | 0.0041500 |   205  | Correct
 240 | 12568.80 | 1234.00 | 0.0056700 |   589  | -6534.00 | 0.0041500 |   406  | Correct
 240 | 12568.80 | 3417.00 | 0.0026700 |   597  | -3567.00 | 0.0008200 |   207  | Correct
 240 | 12568.80 | 3417.00 | 0.0026700 |   597  | -3567.00 | 0.0008200 |   393  | Correct
 240 | 12568.80 | 3417.00 | 0.0026700 |   597  | -3567.00 | 0.0041000 |   220  | Correct
 240 | 12568.80 | 3417.00 | 0.0026700 |   597  | -3567.00 | 0.0041000 |   409  | Correct
 240 | 12568.80 | 3417.00 | 0.0026700 |   597  | -6534.00 | 0.0006700 |   219  | Correct
 240 | 12568.80 | 3417.00 | 0.0026700 |   597  | -6534.00 | 0.0006700 |   392  | Correct
 240 | 12568.80 | 3417.00 | 0.0026700 |   597  | -6534.00 | 0.0044600 |   216  | Correct
 240 | 12568.80 | 3417.00 | 0.0026700 |   597  | -6534.00 | 0.0044600 |   382  | Correct
 240 | 12568.80 | 3417.00 | 0.0026700 |   594  | -3567.00 | 0.0006300 |   217  | Correct
 240 | 12568.80 | 3417.00 | 0.0026700 |   594  | -3567.00 | 0.0006300 |   393  | Correct
 240 | 12568.80 | 3417.00 | 0.0026700 |   594  | -3567.00 | 0.0047100 |   209  | Correct
 240 | 12568.80 | 3417.00 | 0.0026700 |   594  | -3567.00 | 0.0047100 |   385  | Correct
 240 | 12568.80 | 3417.00 | 0.0026700 |   594  | -6534.00 | 0.0007400 |   225  | Correct
 240 | 12568.80 | 3417.00 | 0.0026700 |   594  | -6534.00 | 0.0007400 |   403  | Correct
 240 | 12568.80 | 3417.00 | 0.0026700 |   594  | -6534.00 | 0.0047000 |   223  | Correct
 240 | 12568.80 | 3417.00 | 0.0026700 |   594  | -6534.00 | 0.0047000 |   374  | Correct
 240 | 12568.80 | 3417.00 | 0.0056700 |   597  | -3567.00 | 0.0005200 |   204  | Correct
 240 | 12568.80 | 3417.00 | 0.0056700 |   597  | -3567.00 | 0.0005200 |   392  | Correct
 240 | 12568.80 | 3417.00 | 0.0056700 |   597  | -3567.00 | 0.0044700 |   223  | Correct
 240 | 12568.80 | 3417.00 | 0.0056700 |   597  | -3567.00 | 0.0044700 |   404  | Correct
 240 | 12568.80 | 3417.00 | 0.0056700 |   597  | -6534.00 | 0.0004700 |   209  | Correct
 240 | 12568.80 | 3417.00 | 0.0056700 |   597  | -6534.00 | 0.0004700 |   409  | Correct
 240 | 12568.80 | 3417.00 | 0.0056700 |   597  | -6534.00 | 0.0044100 |   204  | Correct
 240 | 12568.80 | 3417.00 | 0.0056700 |   597  | -6534.00 | 0.0044100 |   396  | Correct
 240 | 12568.80 | 3417.00 | 0.0056700 |   600  | -3567.00 | 0.0002400 |   226  | Correct
 240 | 12568.80 | 3417.00 | 0.0056700 |   600  | -3567.00 | 0.0002400 |   375  | Correct
 240 | 12568.80 | 3417.00 | 0.0056700 |   600  | -3567.00 | 0.0046500 |   221  | Correct
 240 | 12568.80 | 3417.00 | 0.0056700 |   600  | -3567.00 | 0.0046500 |   394  | Correct
 240 | 12568.80 | 3417.00 | 0.0056700 |   600  | -6534.00 | 0.0004000 |   209  | Correct
 240 | 12568.80 | 3417.00 | 0.0056700 |   600  | -6534.00 | 0.0004000 |   405  | Correct
 240 | 12568.80 | 3417.00 | 0.0056700 |   600  | -6534.00 | 0.0042300 |   214  | Correct
 240 | 12568.80 | 3417.00 | 0.0056700 |   600  | -6534.00 | 0.0042300 |   395  | Correct
 345 |     0.00 | 1234.00 | 0.0026700 |   597  | -3567.00 | 0.0008200 |   227  | Correct
 345 |     0.00 | 1234.00 | 0.0026700 |   597  | -3567.00 | 0.0008200 |   380  | Correct
 345 |     0.00 | 1234.00 | 0.0026700 |   597  | -3567.00 | 0.0041200 |   204  | Correct
 345 |     0.00 | 1234.00 | 0.0026700 |   597  | -3567.00 | 0.0041200 |   383  | Correct
 345 |     0.00 | 1234.00 | 0.0026700 |   597  | -6534.00 | 0.0009000 |   224  | Correct
 345 |     0.00 | 1234.00 | 0.0026700 |   597  | -6534.00 | 0.0009000 |   372  | Correct
 345 |     0.00 | 1234.00 | 0.0026700 |   597  | -6534.00 | 0.0043500 |   223  | Correct
 345 |     0.00 | 1234.00 | 0.0026700 |   597  | -6534.00 | 0.0043500 |   405  | Correct
 345 |     0.00 | 1234.00 | 0.0026700 |   600  | -3567.00 | 0.0001100 |   214  | Correct
 345 |     0.00 | 1234.00 | 0.0026700 |   600  | -3567.00 | 0.0001100 |   399  | Correct
 345 |     0.00 | 1234.00 | 0.0026700 |   600  | -3567.00 | 0.0043000 |   213  | Correct
 345 |     0.00 | 1234.00 | 0.0026700 |   600  | -3567.00 | 0.0043000 |   391  | Correct
 345 |     0.00 | 1234.00 | 0.0026700 |   600  | -6534.00 | 0.0004500 |   230  | Correct
 345 |     0.00 | 1234.00 | 0.0026700 |   600  | -6534.00 | 0.0004500 |   385  | Correct
 345 |     0.00 | 1234.00 | 0.0026700 |   600  | -6534.00 | 0.0045400 |   214  | Correct
 345 |     0.00 | 1234.00 | 0.0026700 |   600  | -6534.00 | 0.0045400 |   398  | Correct
 345 |     0.00 | 1234.00 | 0.0056700 |   597  | -3567.00 | 0.0002500 |   212  | Correct
 345 |     0.00 | 1234.00 | 0.0056700 |   597  | -3567.00 | 0.0002500 |   399  | Correct
 345 |     0.00 | 1234.00 | 0.0056700 |   597  | -3567.00 | 0.0045800 |   223  | Correct
 345 |     0.00 | 1234.00 | 0.0056700 |   597  | -3567.00 | 0.0045800 |   370  | Correct
 345 |     0.00 | 1234.00 | 0.0056700 |   597  | -6534.00 | 0.0003300 |   205  | Correct
 345 |     0.00 | 1234.00 | 0.0056700 |   597  | -6534.00 | 0.0003300 |   379  | Correct
 345 |     0.00 | 1234.00 | 0.0056700 |   597  | -6534.00 | 0.0043600 |   213  | Correct
 345 |     0.00 | 1234.00 | 0.0056700 |   597  | -6534.00 | 0.0043600 |   404  | Correct
 345 |     0.00 | 1234.00 | 0.0056700 |   609  | -3567.00 | 0.0000000 |   218  | Correct
 345 |     0.00 | 1234.00 | 0.0056700 |   609  | -3567.00 | 0.0000000 |   374  | Correct
 345 |     0.00 | 1234.00 | 0.0056700 |   609  | -3567.00 | 0.0042200 |   228  | Correct
 345 |     0.00 | 1234.00 | 0.0056700 |   609  | -3567.00 | 0.0042200 |   370  | Correct
 345 |     0.00 | 1234.00 | 0.0056700 |   609  | -6534.00 | 0.0007700 |   217  | Correct
 345 |     0.00 | 1234.00 | 0.0056700 |   609  | -6534.00 | 0.0007700 |   378  | Correct
 345 |     0.00 | 1234.00 | 0.0056700 |   609  | -6534.00 | 0.0045000 |   218  | Correct
 345 |     0.00 | 1234.00 | 0.0056700 |   609  | -6534.00 | 0.0045000 |   400  | Correct
 345 |     0.00 | 3516.00 | 0.0026700 |   597  | -3567.00 | 0.0001800 |   213  | Correct
 345 |     0.00 | 3516.00 | 0.0026700 |   597  | -3567.00 | 0.0001800 |   393  | Correct
 345 |     0.00 | 3516.00 | 0.0026700 |   597  | -3567.00 | 0.0048500 |   229  | Correct
 345 |     0.00 | 3516.00 | 0.0026700 |   597  | -3567.00 | 0.0048500 |   394  | Correct
 345 |     0.00 | 3516.00 | 0.0026700 |   597  | -6534.00 | 0.0000900 |   228  | Correct
 345 |     0.00 | 3516.00 | 0.0026700 |   597  | -6534.00 | 0.0000900 |   384  | Correct
 345 |     0.00 | 3516.00 | 0.0026700 |   597  | -6534.00 | 0.0040300 |   216  | Correct
 345 |     0.00 | 3516.00 | 0.0026700 |   597  | -6534.00 | 0.0040300 |   370  | Correct
 345 |     0.00 | 3516.00 | 0.0026700 |   614  | -3567.00 | 0.0001700 |   228  | Correct
 345 |     0.00 | 3516.00 | 0.0026700 |   614  | -3567.00 | 0.0001700 |   396  | Correct
 345 |     0.00 | 3516.00 | 0.0026700 |   614  | -3567.00 | 0.0047000 |   204  | Correct
 345 |     0.00 | 3516.00 | 0.0026700 |   614  | -3567.00 | 0.0047000 |   370  | Correct
 345 |     0.00 | 3516.00 | 0.0026700 |   614  | -6534.00 | 0.0004300 |   233  | Correct
 345 |     0.00 | 3516.00 | 0.0026700 |   614  | -6534.00 | 0.0004300 |   374  | Correct
 345 |     0.00 | 3516.00 | 0.0026700 |   614  | -6534.00 | 0.0045100 |   214  | Correct
 345 |     0.00 | 3516.00 | 0.0026700 |   614  | -6534.00 | 0.0045100 |   383  | Correct
 345 |     0.00 | 3516.00 | 0.0056700 |   597  | -3567.00 | 0.0001400 |   230  | Correct
 345 |     0.00 | 3516.00 | 0.0056700 |   597  | -3567.00 | 0.0001400 |   392  | Correct
 345 |     0.00 | 3516.00 | 0.0056700 |   597  | -3567.00 | 0.0044200 |   227  | Correct
 345 |     0.00 | 3516.00 | 0.0056700 |   597  | -3567.00 | 0.0044200 |   399  | Correct
 345 |     0.00 | 3516.00 | 0.0056700 |   597  | -6534.00 | 0.0007400 |   233  | Correct
 345 |     0.00 | 3516.00 | 0.0056700 |   597  | -6534.00 | 0.0007400 |   387  | Correct
 345 |     0.00 | 3516.00 | 0.0056700 |   597  | -6534.00 | 0.0044700 |   224  | Correct
 345 |     0.00 | 3516.00 | 0.0056700 |   597  | -6534.00 | 0.0044700 |   407  | Correct
 345 |     0.00 | 3516.00 | 0.0056700 |   598  | -3567.00 | 0.0007900 |   207  | Correct
 345 |     0.00 | 3516.00 | 0.0056700 |   598  | -3567.00 | 0.0007900 |   391  | Correct
 345 |     0.00 | 3516.00 | 0.0056700 |   598  | -3567.00 | 0.0047500 |   231  | Correct
 345 |     0.00 | 3516.00 | 0.0056700 |   598  | -3567.00 | 0.0047500 |   383  | Correct
 345 |     0.00 | 3516.00 | 0.0056700 |   598  | -6534.00 | 0.0003000 |   232  | Correct
 345 |     0.00 | 3516.00 | 0.0056700 |   598  | -6534.00 | 0.0003000 |   385  | Correct
 345 |     0.00 | 3516.00 | 0.0056700 |   598  | -6534.00 | 0.0040500 |   226  | Correct
 345 |     0.00 | 3516.00 | 0.0056700 |   598  | -6534.00 | 0.0040500 |   375  | Correct
 345 |  6576.16 | 1234.00 | 0.0026700 |   597  | -3567.00 | 0.0004100 |   232  | Correct
 345 |  6576.16 | 1234.00 | 0.0026700 |   597  | -3567.00 | 0.0004100 |   407  | Correct
 345 |  6576.16 | 1234.00 | 0.0026700 |   597  | -3567.00 | 0.0049400 |   218  | Correct
 345 |  6576.16 | 1234.00 | 0.0026700 |   597  | -3567.00 | 0.0049400 |   385  | Correct
 345 |  6576.16 | 1234.00 | 0.0026700 |   597  | -6534.00 | 0.0008400 |   221  | Correct
 345 |  6576.16 | 1234.00 | 0.0026700 |   597  | -6534.00 | 0.0008400 |   407  | Correct
 345 |  6576.16 | 1234.00 | 0.0026700 |   597  | -6534.00 | 0.0042600 |   213  | Correct
 345 |  6576.16 | 1234.00 | 0.0026700 |   597  | -6534.00 | 0.0042600 |   394  | Correct
 345 |  6576.16 | 1234.00 | 0.0026700 |   609  | -3567.00 | 0.0006700 |   208  | Correct
 345 |  6576.16 | 1234.00 | 0.0026700 |   609  | -3567.00 | 0.0006700 |   370  | Correct
 345 |  6576.16 | 1234.00 | 0.0026700 |   609  | -3567.00 | 0.0042300 |   211  | Correct
 345 |  6576.16 | 1234.00 | 0.0026700 |   609  | -3567.00 | 0.0042300 |   403  | Correct
 345 |  6576.16 | 1234.00 | 0.0026700 |   609  | -6534.00 | 0.0008200 |   215  | Correct
 345 |  6576.16 | 1234.00 | 0.0026700 |   609  | -6534.00 | 0.0008200 |   406  | Correct
 345 |  6576.16 | 1234.00 | 0.0026700 |   609  | -6534.00 | 0.0047700 |   223  | Correct
 345 |  6576.16 | 1234.00 | 0.0026700 |   609  | -6534.00 | 0.0047700 |   406  | Correct
 345 |  6576.16 | 1234.00 | 0.0056700 |   597  | -3567.00 | 0.0002700 |   216  | Correct
 345 |  6576.16 | 1234.00 | 0.0056700 |   597  | -3567.00 | 0.0002700 |   396  | Correct
 345 |  6576.16 | 1234.00 | 0.0056700 |   597  | -3567.00 | 0.0048800 |   218  | Correct
 345 |  6576.16 | 1234.00 | 0.0056700 |   597  | -3567.00 | 0.0048800 |   389  | Correct
 345 |  6576.16 | 1234.00 | 0.0056700 |   597  | -6534.00 | 0.0006100 |   208  | Correct
 345 |  6576.16 | 1234.00 | 0.0056700 |   597  | -6534.00 | 0.0006100 |   400  | Correct
 345 |  6576.16 | 1234.00 | 0.0056700 |   597  | -6534.00 | 0.0044900 |   204  | Correct
 345 |  6576.16 | 1234.00 | 0.0056700 |   597  | -6534.00 | 0.0044900 |   401  | Correct
 345 |  6576.16 | 1234.00 | 0.0056700 |   590  | -3567.00 | 0.0004600 |   204  | Correct
 345 |  6576.16 | 1234.00 | 0.0056700 |   590  | -3567.00 | 0.0004600 |   373  | Correct
 345 |  6576.16 | 1234.00 | 0.0056700 |   590  | -3567.00 | 0.0047300 |   219  | Correct
 345 |  6576.16 | 1234.00 | 0.0056700 |   590  | -3567.00 | 0.0047300 |   382  | Correct
 345 |  6576.16 | 1234.00 | 0.0056700 |   590  | -6534.00 | 0.0002800 |   228  | Correct
 345 |  6576.16 | 1234.00 | 0.0056700 |   590  | -6534.00 | 0.0002800 |   407  | Correct
 345 |  6576.16 | 1234.00 | 0.0056700 |   590  | -6534.00 | 0.0042900 |   223  | Correct
 345 |  6576.16 | 1234.00 | 0.0056700 |   590  | -6534.00 | 0.0042900 |   375  | Correct
 345 |  6576.16 | 3363.00 | 0.0026700 |   597  | -3567.00 | 0.0006900 |   210  | Correct
 345 |  6576.16 | 3363.00 | 0.0026700 |   597  | -3567.00 | 0.0006900 |   372  | Correct
 345 |  6576.16 | 3363.00 | 0.0026700 |   597  | -3567.00 | 0.0044000 |   220  | Correct
 345 |  6576.16 | 3363.00 | 0.0026700 |   597  | -3567.00 | 0.0044000 |   375  | Correct
 345 |  6576.16 | 3363.00 | 0.0026700 |   597  | -6534.00 | 0.0001700 |   215  | Correct
 345 |  6576.16 | 3363.00 | 0.0026700 |   597  | -6534.00 | 0.0001700 |   408  | Correct
 345 |  6576.16 | 3363.00 | 0.0026700 |   597  | -6534.00 | 0.0047700 |   230  | Correct
 345 |  6576.16 | 3363.00 | 0.0026700 |   597  | -6534.00 | 0.0047700 |   391  | Correct
 345 |  6576.16 | 3363.00 | 0.0026700 |   597  | -3567.00 | 0.0005400 |   225  | Correct
 345 |  6576.16 | 3363.00 | 0.0026700 |   597  | -3567.00 | 0.0005400 |   396  | Correct
 345 |  6576.16 | 3363.00 | 0.0026700 |   597  | -3567.00 | 0.0044900 |   217  | Correct
 345 |  6576.16 | 3363.00 | 0.0026700 |   597  | -3567.00 | 0.0044900 |   386  | Correct
 345 |  6576.16 | 3363.00 | 0.0026700 |   597  | -6534.00 | 0.0000500 |   229  | Correct
 345 |  6576.16 | 3363.00 | 0.0026700 |   597  | -6534.00 | 0.0000500 |   396  | Correct
 345 |  6576.16 | 3363.00 | 0.0026700 |   597  | -6534.00 | 0.0041200 |   205  | Correct
 345 |  6576.16 | 3363.00 | 0.0026700 |   597  | -6534.00 | 0.0041200 |   376  | Correct
 345 |  6576.16 | 3363.00 | 0.0056700 |   597  | -3567.00 | 0.0004100 |   213  | Correct
 345 |  6576.16 | 3363.00 | 0.0056700 |   597  | -3567.00 | 0.0004100 |   374  | Correct
 345 |  6576.16 | 3363.00 | 0.0056700 |   597  | -3567.00 | 0.0046200 |   220  | Correct
 345 |  6576.16 | 3363.00 | 0.0056700 |   597  | -3567.00 | 0.0046200 |   404  | Correct
 345 |  6576.16 | 3363.00 | 0.0056700 |   597  | -6534.00 | 0.0008200 |   211  | Correct
 345 |  6576.16 | 3363.00 | 0.0056700 |   597  | -6534.00 | 0.0008200 |   409  | Correct
 345 |  6576.16 | 3363.00 | 0.0056700 |   597  | -6534.00 | 0.0043100 |   209  | Correct
 345 |  6576.16 | 3363.00 | 0.0056700 |   597  | -6534.00 | 0.0043100 |   401  | Correct
 345 |  6576.16 | 3363.00 | 0.0056700 |   612  | -3567.00 | 0.0006000 |   216  | Correct
 345 |  6576.16 | 3363.00 | 0.0056700 |   612  | -3567.00 | 0.0006000 |   383  | Correct
 345 |  6576.16 | 3363.00 | 0.0056700 |   612  | -3567.00 | 0.0043700 |   217  | Correct
 345 |  6576.16 | 3363.00 | 0.0056700 |   612  | -3567.00 | 0.0043700 |   388  | Correct
 345 |  6576.16 | 3363.00 | 0.0056700 |   612  | -6534.00 | 0.0001200 |   208  | Correct
 345 |  6576.16 | 3363.00 | 0.0056700 |   612  | -6534.00 | 0.0001200 |   378  | Correct
 345 |  6576.16 | 3363.00 | 0.0056700 |   612  | -6534.00 | 0.0042900 |   233  | Correct
 345 |  6576.16 | 3363.00 | 0.0056700 |   612  | -6534.00 | 0.0042900 |   371  | Correct

Overall Grade: A
